Frequency (Hz)	Level (dB)
43.066406	-72.448936
86.132812	-70.668671
129.199219	-68.116142
172.265625	-64.991905
215.332031	-61.318863
258.398438	-56.985645
301.464844	-51.743515
344.531250	-45.106209
387.597656	-35.976437
430.664062	-20.534233
473.730469	-4.070470
516.796875	-2.797096
559.863281	-14.630273
602.929688	-33.436916
645.996094	-43.437607
689.062500	-50.511909
732.128906	-56.028076
775.195312	-60.561626
818.261719	-64.414825
861.328125	-67.767700
904.394531	-70.736336
947.460938	-73.400551
990.527344	-75.817207
1033.593750	-78.028656
1076.660156	-80.067039
1119.726562	-81.957413
1162.792969	-83.719383
1205.859375	-85.370628
1248.925781	-86.923088
1291.992188	-88.387405
1335.058594	-89.773911
1378.125000	-91.089828
1421.191406	-92.342514
1464.257812	-93.536591
1507.324219	-94.678398
1550.390625	-95.770859
1593.457031	-96.820587
1636.523438	-97.826653
1679.589844	-98.797012
1722.656250	-99.731125
1765.722656	-100.631248
1808.789062	-101.502235
1851.855469	-102.342995
1894.921875	-103.156311
1937.988281	-103.946823
1981.054688	-104.713585
2024.121094	-105.458252
2067.187500	-106.176025
2110.253906	-106.882507
2153.320312	-107.565720
2196.386719	-108.228485
2239.453125	-108.879555
2282.519531	-109.507332
2325.585938	-110.124649
2368.652344	-110.727928
2411.718750	-111.314919
2454.785156	-111.893631
2497.851562	-112.450569
2540.917969	-112.992844
2583.984375	-113.540741
2627.050781	-114.073036
2670.117188	-114.579147
2713.183594	-115.082863
2756.250000	-115.584641
2799.316406	-116.069641
2842.382812	-116.548744
2885.449219	-117.013542
2928.515625	-117.473648
2971.582031	-117.918869
3014.648438	-118.372810
3057.714844	-118.804306
3100.781250	-119.238411
3143.847656	-119.657242
3186.914062	-120.067688
3229.980469	-120.444778
3273.046875	-120.936676
3316.113281	-121.269188
3359.179688	-121.653709
3402.246094	-122.055534
3445.312500	-122.434792
3488.378906	-122.787079
3531.445312	-123.169937
3574.511719	-123.534584
3617.578125	-123.880165
3660.644531	-124.239677
3703.710938	-124.584099
3746.777344	-124.934525
3789.843750	-125.257088
3832.910156	-125.622086
3875.976562	-125.925201
3919.042969	-126.253593
3962.109375	-126.578735
4005.175781	-126.899811
4048.242188	-127.214973
4091.308594	-127.550148
4134.375000	-127.835846
4177.441406	-128.121979
4220.507812	-128.430054
4263.574219	-128.785751
4306.640625	-128.985947
4349.707031	-129.313187
4392.773438	-129.645966
4435.839844	-129.872955
4478.906250	-130.156570
4521.972656	-130.473373
4565.039062	-130.741440
4608.105469	-130.949493
4651.171875	-131.237091
4694.238281	-131.566406
4737.304688	-131.795609
4780.371094	-132.036728
4823.437500	-132.353058
4866.503906	-132.561966
4909.570312	-132.865204
4952.636719	-133.053452
4995.703125	-133.208466
5038.769531	-133.641296
5081.835938	-133.804459
5124.902344	-134.098236
5167.968750	-134.303604
5211.035156	-134.570847
5254.101562	-134.817886
5297.167969	-134.946533
5340.234375	-135.282364
5383.300781	-135.553375
5426.367188	-135.690628
5469.433594	-135.954010
5512.500000	-136.229767
5555.566406	-136.371735
5598.632812	-136.663864
5641.699219	-136.822464
5684.765625	-137.130981
5727.832031	-137.287781
5770.898438	-137.483307
5813.964844	-137.715225
5857.031250	-137.938354
5900.097656	-138.153412
5943.164062	-138.372726
5986.230469	-138.619568
6029.296875	-138.449188
6072.363281	-138.885956
6115.429688	-139.205078
6158.496094	-139.419022
6201.562500	-139.548538
6244.628906	-139.801331
6287.695312	-139.976273
6330.761719	-140.184021
6373.828125	-140.385696
6416.894531	-140.550156
6459.960938	-140.799118
6503.027344	-140.957993
6546.093750	-141.177521
6589.160156	-141.388885
6632.226562	-141.496094
6675.292969	-141.753113
6718.359375	-141.915924
6761.425781	-142.082794
6804.492188	-142.297577
6847.558594	-142.446320
6890.625000	-142.727966
6933.691406	-142.935699
6976.757812	-142.904282
7019.824219	-143.292389
7062.890625	-143.467941
7105.957031	-143.320602
7149.023438	-143.945221
7192.089844	-143.825607
7235.156250	-143.989792
7278.222656	-144.356384
7321.289062	-144.463211
7364.355469	-144.601059
7407.421875	-144.655991
7450.488281	-144.850571
7493.554688	-145.227951
7536.621094	-145.296112
7579.687500	-145.459808
7622.753906	-145.707809
7665.820312	-145.741577
7708.886719	-145.967850
7751.953125	-146.210739
7795.019531	-146.035065
7838.085938	-146.402542
7881.152344	-146.632477
7924.218750	-146.824539
7967.285156	-146.787659
8010.351562	-147.376907
8053.417969	-147.170685
8096.484375	-147.184814
8139.550781	-147.599472
8182.617188	-147.736588
8225.683594	-147.919601
8268.750000	-148.059616
8311.816406	-148.157166
8354.882812	-148.551926
8397.949219	-148.327240
8441.015625	-148.463867
8484.082031	-149.063278
8527.148438	-148.760406
8570.214844	-149.260330
8613.281250	-149.244553
8656.347656	-149.346817
8699.414062	-149.755280
8742.480469	-149.021820
8785.546875	-149.345413
8828.613281	-149.946823
8871.679688	-150.229980
8914.746094	-150.170273
8957.812500	-150.534241
9000.878906	-150.794159
9043.945312	-150.877029
9087.011719	-150.626480
9130.078125	-150.723251
9173.144531	-150.941132
9216.210938	-151.761414
9259.277344	-151.282974
9302.343750	-151.507217
9345.410156	-152.128418
9388.476562	-151.698730
9431.542969	-151.612350
9474.609375	-152.414719
9517.675781	-152.235703
9560.742188	-152.487930
9603.808594	-152.272736
9646.875000	-152.770248
9689.941406	-153.037048
9733.007812	-152.898422
9776.074219	-153.160675
9819.140625	-153.534409
9862.207031	-152.971817
9905.273438	-153.610641
9948.339844	-153.602966
9991.406250	-154.002502
10034.472656	-154.196320
10077.539062	-153.817307
10120.605469	-153.799088
10163.671875	-153.236145
10206.738281	-155.046356
10249.804688	-154.217728
10292.871094	-154.956528
10335.937500	-154.669678
10379.003906	-155.244186
10422.070312	-155.082535
10465.136719	-154.882172
10508.203125	-152.146301
10551.269531	-153.139404
10594.335938	-155.270599
10637.402344	-156.258179
10680.468750	-155.266327
10723.535156	-156.634415
10766.601562	-156.369888
10809.667969	-155.632507
10852.734375	-155.516434
10895.800781	-156.596313
10938.867188	-156.344650
10981.933594	-157.380844
11025.000000	-156.686798
11068.066406	-157.287460
11111.132812	-157.171097
11154.199219	-156.786377
11197.265625	-157.511063
11240.332031	-157.281723
11283.398438	-157.603851
11326.464844	-157.627609
11369.531250	-158.510788
11412.597656	-157.840424
11455.664062	-157.983582
11498.730469	-152.006165
11541.796875	-149.073364
11584.863281	-157.066055
11627.929688	-159.219269
11670.996094	-158.137695
11714.062500	-158.920029
11757.128906	-159.655380
11800.195312	-158.251175
11843.261719	-159.905472
11886.328125	-158.057068
11929.394531	-158.651184
11972.460938	-159.003418
12015.527344	-160.636230
12058.593750	-159.612366
12101.660156	-159.873917
12144.726562	-159.694016
12187.792969	-159.723282
12230.859375	-158.853210
12273.925781	-159.666946
12316.992188	-160.969711
12360.058594	-160.894104
12403.125000	-160.786011
12446.191406	-159.996033
12489.257812	-163.173431
12532.324219	-159.608810
12575.390625	-161.356094
12618.457031	-160.323227
12661.523438	-161.859787
12704.589844	-160.732300
12747.656250	-162.546967
12790.722656	-160.882645
12833.789062	-162.443649
12876.855469	-159.845840
12919.921875	-158.559677
12962.988281	-161.317963
13006.054688	-162.209259
13049.121094	-163.021362
13092.187500	-161.637314
13135.253906	-162.755096
13178.320312	-163.617752
13221.386719	-162.337036
13264.453125	-159.611465
13307.519531	-159.110458
13350.585938	-165.076050
13393.652344	-162.479004
13436.718750	-161.502304
13479.785156	-165.226944
13522.851562	-163.618439
13565.917969	-161.853973
13608.984375	-161.051193
13652.050781	-163.289078
13695.117188	-163.197617
13738.183594	-164.801788
13781.250000	-162.711212
13824.316406	-163.965714
13867.382812	-165.136200
13910.449219	-163.911240
13953.515625	-162.839523
13996.582031	-163.018341
14039.648438	-168.349869
14082.714844	-163.444702
14125.781250	-164.229752
14168.847656	-165.876694
14211.914062	-164.982697
14254.980469	-159.164688
14298.046875	-156.781998
14341.113281	-164.228134
14384.179688	-166.220367
14427.246094	-164.743652
14470.312500	-164.658829
14513.378906	-167.651047
14556.445312	-166.463242
14599.511719	-163.990906
14642.578125	-163.039276
14685.644531	-162.389587
14728.710938	-166.782959
14771.777344	-165.819656
14814.843750	-164.988419
14857.910156	-168.079041
14900.976562	-166.989059
14944.042969	-164.071762
14987.109375	-161.479370
15030.175781	-166.862320
15073.242188	-166.081848
15116.308594	-166.577866
15159.375000	-166.703171
15202.441406	-166.891617
15245.507812	-169.597183
15288.574219	-165.626740
15331.640625	-164.671555
15374.707031	-165.913391
15417.773438	-168.730255
15460.839844	-166.078720
15503.906250	-167.259811
15546.972656	-168.552505
15590.039062	-167.626007
15633.105469	-161.928497
15676.171875	-159.713058
15719.238281	-166.000412
15762.304688	-169.307770
15805.371094	-165.413712
15848.437500	-165.976700
15891.503906	-169.409180
15934.570312	-167.374481
15977.636719	-165.117783
16020.703125	-157.898254
16063.769531	-158.882187
16106.835938	-169.200439
16149.902344	-168.030289
16192.968750	-166.207428
16236.035156	-170.667038
16279.101562	-167.422852
16322.167969	-163.816177
16365.234375	-163.161163
16408.300781	-167.222031
16451.367188	-169.019623
16494.433594	-166.727432
16537.500000	-167.570923
16580.566406	-167.352188
16623.632812	-170.036606
16666.699219	-167.372253
16709.765625	-165.767990
16752.832031	-165.887405
16795.898438	-170.780197
16838.964844	-169.664154
16882.031250	-166.096161
16925.097656	-169.093735
16968.164062	-168.127579
17011.230469	-157.108917
17054.296875	-154.375061
17097.363281	-164.488113
17140.429688	-170.168839
17183.496094	-168.186035
17226.562500	-167.474060
17269.628906	-168.344559
17312.695312	-168.636856
17355.761719	-167.073563
17398.828125	-162.522263
17441.894531	-163.820984
17484.960938	-170.061691
17528.027344	-167.639282
17571.093750	-167.922821
17614.160156	-171.333221
17657.226562	-170.661438
17700.292969	-165.011444
17743.359375	-163.789932
17786.425781	-167.733704
17829.492188	-170.536896
17872.558594	-169.910706
17915.625000	-168.066208
17958.691406	-171.320770
18001.757812	-170.839432
18044.824219	-167.628372
18087.890625	-165.081833
18130.957031	-166.271790
18174.023438	-171.156799
18217.089844	-170.526749
18260.156250	-168.097855
18303.222656	-170.883072
18346.289062	-172.161423
18389.355469	-162.867493
18432.421875	-160.822739
18475.488281	-166.710144
18518.554688	-170.180984
18561.621094	-168.843369
18604.687500	-167.388718
18647.753906	-171.668472
18690.820312	-169.802628
18733.886719	-166.536270
18776.953125	-159.488434
18820.019531	-160.893173
18863.085938	-169.847458
18906.152344	-166.282883
18949.218750	-167.866913
18992.285156	-170.626923
19035.351562	-172.886948
19078.417969	-165.707108
19121.484375	-163.731308
19164.550781	-168.154510
19207.617188	-171.133209
19250.683594	-170.855164
19293.750000	-167.754227
19336.816406	-170.034698
19379.882812	-173.779800
19422.949219	-167.880096
19466.015625	-165.651917
19509.082031	-166.358719
19552.148438	-173.059952
19595.214844	-169.375351
19638.281250	-167.414337
19681.347656	-171.589310
19724.414062	-171.010086
19767.480469	-160.772812
19810.546875	-158.065643
19853.613281	-166.006454
19896.679688	-170.336456
19939.746094	-168.517868
19982.812500	-167.778595
20025.878906	-169.967499
20068.945312	-172.768417
20112.011719	-167.589249
20155.078125	-161.535034
20198.144531	-163.989456
20241.210938	-172.781235
20284.277344	-170.473816
20327.343750	-167.916656
20370.410156	-169.424179
20413.476562	-170.108536
20456.542969	-166.272827
20499.609375	-163.794418
20542.675781	-167.869827
20585.742188	-168.853516
20628.808594	-168.748596
20671.875000	-167.792404
20714.941406	-169.328461
20758.007812	-172.923889
20801.074219	-168.615036
20844.140625	-164.913010
20887.207031	-166.706436
20930.273438	-172.773941
20973.339844	-170.360001
21016.406250	-168.370163
21059.472656	-171.834610
21102.539062	-172.909439
21145.605469	-163.699600
21188.671875	-161.115662
21231.738281	-167.989853
21274.804688	-172.214752
21317.871094	-171.031998
21360.937500	-167.790802
21404.003906	-170.066391
21447.070312	-172.737045
21490.136719	-158.924866
21533.203125	-147.569885
21576.269531	-148.612030
21619.335938	-164.861115
21662.402344	-170.396301
21705.468750	-167.756271
21748.535156	-171.956223
21791.601562	-170.781555
21834.667969	-166.314896
21877.734375	-164.448227
21920.800781	-168.190994
21963.867188	-173.506912
22006.933594	-171.673416
